bfdna
pos_num= 200
neg_num= 200
tp= 170
tn= 117
fn= 30
fp= 83
0.85 0.585 0.7175 0.45112856251239003


eiip
pos_num= 200
neg_num= 200
tp= 175
tn= 109
fn= 25
fp= 91
0.875 0.545 0.71 0.44492424132481284\


atomic
pos_num= 200
neg_num= 200
tp= 169
tn= 127
fn= 31
fp= 73
0.845 0.635 0.74 0.4909474476768105


number
pos_num= 200
neg_num= 200
tp= 178
tn= 117
fn= 22
fp= 83
0.89 0.585 0.7375 0.49876497876068726